20
11
12
13
14
13
32
45
3
65
45
76
45
34
32
45
64
33
21
3320
11
12
13
14
13
32
45
3
65
45
76
45
34
32
45
64
33
21
3320
11
12
13
14
13
32
45
3
65
45
76
45
34
32
45
64
33
21
3320
11
12
13
14
13
32
45
3
65
45
76
45
34
32
45
64
33
21
3320
11
12
13
14
13
32
45
3
65
45
76
45
34
32
45
64
33
21
3320
11
12
13
14
13
32
45
3
65
45
76
45
34
32
45
64
33
21
3320
11
12
13
14
13
32
45
3
65
45
76
45
34
32
45
64
33
21
3320
11
12
13
14
13
32
45
3
65
45
76
45
34
32
45
64
33
21
3320
11
12
13
14
13
32
45
3
65
45
76
45
34
32
45
64
33
21
3320
11
12
13
14
13
32
45
3
65
45
76
45
34
32
45
64
33
21
3320
11
12
13
14
13
32
45
3
65
45
76
45
34
32
45
64
33
21
3320
11
12
13
14
13
32
45
3
65
45
76
45
34
32
45
64
33
21
3320
11
12
13
14
13
32
45
3
65
45
76
45
34
32
45
64
33
21
3320
11
12
13
14
13
32
45
3
65
45
76
45
34
32
45
64
33
21
3320
11
12
13
14
13
32
45
3
65
45
76
45
34
32
45
64
33
21
3320
11
12
13
14
13
32
45
3
65
45
76
45
34
32
45
64
33
21
3320
11
12
13
14
13
32
45
3
65
45
76
45
34
32
45
64
33
21
3320
11
12
13
14
13
32
45
3
65
45
76
45
34
32
45
64
33
21
3320
11
12
13
14
13
32
45
3
65
45
76
45
34
32
45
64
33
21
3320
11
12
13
14
13
32
45
3
65
45
76
45
34
32
45
64
33
21
33
